15 0.32241512345679013 0.3335262345679012 0.1388888888888889 0.1388888888888889
15 0.6724151234567901 0.41685956790123463 0.1388888888888889 0.1388888888888889
15 0.8529706790123457 0.5279706790123457 0.1388888888888889 0.1388888888888889
15 0.38352623456790125 0.6390817901234568 0.1388888888888889 0.1388888888888889
15 0.6418595679012346 0.7501929012345679 0.1388888888888889 0.1388888888888889
15 0.8446373456790124 0.861304012345679 0.1388888888888889 0.1388888888888889
15 0.38352623456790125 0.5279706790123457 0.1388888888888889 0.1388888888888889
15 0.6418595679012346 0.41685956790123463 0.1388888888888889 0.1388888888888889
15 0.8446373456790124 0.3335262345679012 0.1388888888888889 0.1388888888888889
15 0.6724151234567901 0.3335262345679012 0.1388888888888889 0.1388888888888889
15 0.8446373456790124 0.41685956790123463 0.1388888888888889 0.1388888888888889
15 0.6418595679012346 0.5279706790123457 0.1388888888888889 0.1388888888888889