16 0.39741512345679014 0.47241512345679015 0.1388888888888889 0.1388888888888889
16 0.5779706790123457 0.5557484567901235 0.1388888888888889 0.1388888888888889
16 0.8418595679012346 0.6668595679012346 0.1388888888888889 0.1388888888888889
16 0.32241512345679013 0.7779706790123457 0.1388888888888889 0.1388888888888889
16 0.5585262345679013 0.8890817901234568 0.1388888888888889 0.1388888888888889
16 0.8363040123456791 1.0001929012345678 0.1388888888888889 0.1388888888888889
16 0.32241512345679013 0.6668595679012346 0.1388888888888889 0.1388888888888889
16 0.5585262345679013 0.5557484567901235 0.1388888888888889 0.1388888888888889
16 0.8363040123456791 0.47241512345679015 0.1388888888888889 0.1388888888888889
16 0.5779706790123457 0.47241512345679015 0.1388888888888889 0.1388888888888889
16 0.8363040123456791 0.5557484567901235 0.1388888888888889 0.1388888888888889
16 0.5585262345679013 0.6668595679012346 0.1388888888888889 0.1388888888888889