20 0.3640817901234568 0.47241512345679015 0.1388888888888889 0.1388888888888889
20 0.6140817901234569 0.5557484567901235 0.1388888888888889 0.1388888888888889
20 0.8557484567901235 0.6668595679012346 0.1388888888888889 0.1388888888888889
20 0.3807484567901235 0.7779706790123457 0.1388888888888889 0.1388888888888889
20 0.5807484567901235 0.8890817901234568 0.1388888888888889 0.1388888888888889
20 0.8446373456790124 1.0001929012345678 0.1388888888888889 0.1388888888888889
20 0.3807484567901235 0.6668595679012346 0.1388888888888889 0.1388888888888889
20 0.5807484567901235 0.5557484567901235 0.1388888888888889 0.1388888888888889
20 0.8446373456790124 0.47241512345679015 0.1388888888888889 0.1388888888888889
20 0.6140817901234569 0.47241512345679015 0.1388888888888889 0.1388888888888889
20 0.8446373456790124 0.5557484567901235 0.1388888888888889 0.1388888888888889
20 0.5807484567901235 0.6668595679012346 0.1388888888888889 0.1388888888888889