21 0.28074845679012345 0.3335262345679012 0.1388888888888889 0.1388888888888889
21 0.6890817901234568 0.41685956790123463 0.1388888888888889 0.1388888888888889
21 0.8418595679012346 0.5279706790123457 0.1388888888888889 0.1388888888888889
21 0.41130401234567904 0.6390817901234568 0.1388888888888889 0.1388888888888889
21 0.6085262345679012 0.7501929012345679 0.1388888888888889 0.1388888888888889
21 0.8390817901234568 0.861304012345679 0.1388888888888889 0.1388888888888889
21 0.41130401234567904 0.5279706790123457 0.1388888888888889 0.1388888888888889
21 0.6085262345679012 0.41685956790123463 0.1388888888888889 0.1388888888888889
21 0.8390817901234568 0.3335262345679012 0.1388888888888889 0.1388888888888889
21 0.6890817901234568 0.3335262345679012 0.1388888888888889 0.1388888888888889
21 0.8390817901234568 0.41685956790123463 0.1388888888888889 0.1388888888888889
21 0.6085262345679012 0.5279706790123457 0.1388888888888889 0.1388888888888889