23 0.31408179012345677 0.47241512345679015 0.1388888888888889 0.1388888888888889
23 0.6918595679012346 0.5557484567901235 0.1388888888888889 0.1388888888888889
23 0.8418595679012346 0.6668595679012346 0.1388888888888889 0.1388888888888889
23 0.3501929012345679 0.7779706790123457 0.1388888888888889 0.1388888888888889
23 0.6696373456790123 0.8890817901234568 0.1388888888888889 0.1388888888888889
23 0.8529706790123457 1.0001929012345678 0.1388888888888889 0.1388888888888889
23 0.3501929012345679 0.6668595679012346 0.1388888888888889 0.1388888888888889
23 0.6696373456790123 0.5557484567901235 0.1388888888888889 0.1388888888888889
23 0.8529706790123457 0.47241512345679015 0.1388888888888889 0.1388888888888889
23 0.6918595679012346 0.47241512345679015 0.1388888888888889 0.1388888888888889
23 0.8529706790123457 0.5557484567901235 0.1388888888888889 0.1388888888888889
23 0.6696373456790123 0.6668595679012346 0.1388888888888889 0.1388888888888889