26 0.30852623456790124 0.3335262345679012 0.1388888888888889 0.1388888888888889
26 0.6140817901234569 0.41685956790123463 0.1388888888888889 0.1388888888888889
26 0.8501929012345679 0.5279706790123457 0.1388888888888889 0.1388888888888889
26 0.31408179012345677 0.6390817901234568 0.1388888888888889 0.1388888888888889
26 0.6390817901234568 0.7501929012345679 0.1388888888888889 0.1388888888888889
26 0.8390817901234568 0.861304012345679 0.1388888888888889 0.1388888888888889
26 0.31408179012345677 0.5279706790123457 0.1388888888888889 0.1388888888888889
26 0.6390817901234568 0.41685956790123463 0.1388888888888889 0.1388888888888889
26 0.8390817901234568 0.3335262345679012 0.1388888888888889 0.1388888888888889
26 0.6140817901234569 0.3335262345679012 0.1388888888888889 0.1388888888888889
26 0.8390817901234568 0.41685956790123463 0.1388888888888889 0.1388888888888889
26 0.6390817901234568 0.5279706790123457 0.1388888888888889 0.1388888888888889