30 0.336304012345679 0.3335262345679012 0.1388888888888889 0.1388888888888889
30 0.6446373456790124 0.41685956790123463 0.1388888888888889 0.1388888888888889
30 0.8335262345679013 0.5279706790123457 0.1388888888888889 0.1388888888888889
30 0.3779706790123457 0.6390817901234568 0.1388888888888889 0.1388888888888889
30 0.6890817901234568 0.7501929012345679 0.1388888888888889 0.1388888888888889
30 0.8501929012345679 0.861304012345679 0.1388888888888889 0.1388888888888889
30 0.3779706790123457 0.5279706790123457 0.1388888888888889 0.1388888888888889
30 0.6890817901234568 0.41685956790123463 0.1388888888888889 0.1388888888888889
30 0.8501929012345679 0.3335262345679012 0.1388888888888889 0.1388888888888889
30 0.6446373456790124 0.3335262345679012 0.1388888888888889 0.1388888888888889
30 0.8501929012345679 0.41685956790123463 0.1388888888888889 0.1388888888888889
30 0.6890817901234568 0.5279706790123457 0.1388888888888889 0.1388888888888889