34 0.3390817901234568 0.3335262345679012 0.1388888888888889 0.1388888888888889
34 0.6807484567901235 0.41685956790123463 0.1388888888888889 0.1388888888888889
34 0.8501929012345679 0.5279706790123457 0.1388888888888889 0.1388888888888889
34 0.3918595679012346 0.6390817901234568 0.1388888888888889 0.1388888888888889
34 0.6057484567901235 0.7501929012345679 0.1388888888888889 0.1388888888888889
34 0.8418595679012346 0.861304012345679 0.1388888888888889 0.1388888888888889
34 0.3918595679012346 0.5279706790123457 0.1388888888888889 0.1388888888888889
34 0.6057484567901235 0.41685956790123463 0.1388888888888889 0.1388888888888889
34 0.8418595679012346 0.3335262345679012 0.1388888888888889 0.1388888888888889
34 0.6807484567901235 0.3335262345679012 0.1388888888888889 0.1388888888888889
34 0.8418595679012346 0.41685956790123463 0.1388888888888889 0.1388888888888889
34 0.6057484567901235 0.5279706790123457 0.1388888888888889 0.1388888888888889