3 0.3807484567901235 0.47241512345679015 0.1388888888888889 0.1388888888888889
3 0.6057484567901235 0.5557484567901235 0.1388888888888889 0.1388888888888889
3 0.8557484567901235 0.6668595679012346 0.1388888888888889 0.1388888888888889
3 0.37519290123456794 0.7779706790123457 0.1388888888888889 0.1388888888888889
3 0.5835262345679013 0.8890817901234568 0.1388888888888889 0.1388888888888889
3 0.8529706790123457 1.0001929012345678 0.1388888888888889 0.1388888888888889
3 0.37519290123456794 0.6668595679012346 0.1388888888888889 0.1388888888888889
3 0.5835262345679013 0.5557484567901235 0.1388888888888889 0.1388888888888889
3 0.8529706790123457 0.47241512345679015 0.1388888888888889 0.1388888888888889
3 0.6057484567901235 0.47241512345679015 0.1388888888888889 0.1388888888888889
3 0.8529706790123457 0.5557484567901235 0.1388888888888889 0.1388888888888889
3 0.5835262345679013 0.6668595679012346 0.1388888888888889 0.1388888888888889