3 0.40852623456790127 0.3335262345679012 0.1388888888888889 0.1388888888888889
3 0.6251929012345679 0.41685956790123463 0.1388888888888889 0.1388888888888889
3 0.8474151234567902 0.5279706790123457 0.1388888888888889 0.1388888888888889
3 0.37519290123456794 0.6390817901234568 0.1388888888888889 0.1388888888888889
3 0.611304012345679 0.7501929012345679 0.1388888888888889 0.1388888888888889
3 0.8446373456790124 0.861304012345679 0.1388888888888889 0.1388888888888889
3 0.37519290123456794 0.5279706790123457 0.1388888888888889 0.1388888888888889
3 0.611304012345679 0.41685956790123463 0.1388888888888889 0.1388888888888889
3 0.8446373456790124 0.3335262345679012 0.1388888888888889 0.1388888888888889
3 0.6251929012345679 0.3335262345679012 0.1388888888888889 0.1388888888888889
3 0.8446373456790124 0.41685956790123463 0.1388888888888889 0.1388888888888889
3 0.611304012345679 0.5279706790123457 0.1388888888888889 0.1388888888888889