36 0.40297067901234573 0.3335262345679012 0.1388888888888889 0.1388888888888889
36 0.5835262345679013 0.41685956790123463 0.1388888888888889 0.1388888888888889
36 0.8418595679012346 0.5279706790123457 0.1388888888888889 0.1388888888888889
36 0.3640817901234568 0.6390817901234568 0.1388888888888889 0.1388888888888889
36 0.6307484567901235 0.7501929012345679 0.1388888888888889 0.1388888888888889
36 0.8446373456790124 0.861304012345679 0.1388888888888889 0.1388888888888889
36 0.3640817901234568 0.5279706790123457 0.1388888888888889 0.1388888888888889
36 0.6307484567901235 0.41685956790123463 0.1388888888888889 0.1388888888888889
36 0.8446373456790124 0.3335262345679012 0.1388888888888889 0.1388888888888889
36 0.5835262345679013 0.3335262345679012 0.1388888888888889 0.1388888888888889
36 0.8446373456790124 0.41685956790123463 0.1388888888888889 0.1388888888888889
36 0.6307484567901235 0.5279706790123457 0.1388888888888889 0.1388888888888889