3 0.4140817901234568 0.3335262345679012 0.1388888888888889 0.1388888888888889
3 0.5946373456790124 0.41685956790123463 0.1388888888888889 0.1388888888888889
3 0.8529706790123457 0.5279706790123457 0.1388888888888889 0.1388888888888889
3 0.3918595679012346 0.6390817901234568 0.1388888888888889 0.1388888888888889
3 0.6890817901234568 0.7501929012345679 0.1388888888888889 0.1388888888888889
3 0.8418595679012346 0.861304012345679 0.1388888888888889 0.1388888888888889
3 0.3918595679012346 0.5279706790123457 0.1388888888888889 0.1388888888888889
3 0.6890817901234568 0.41685956790123463 0.1388888888888889 0.1388888888888889
3 0.8418595679012346 0.3335262345679012 0.1388888888888889 0.1388888888888889
3 0.5946373456790124 0.3335262345679012 0.1388888888888889 0.1388888888888889
3 0.8418595679012346 0.41685956790123463 0.1388888888888889 0.1388888888888889
3 0.6890817901234568 0.5279706790123457 0.1388888888888889 0.1388888888888889