37 0.4140817901234568 0.3335262345679012 0.1388888888888889 0.1388888888888889
37 0.6529706790123457 0.41685956790123463 0.1388888888888889 0.1388888888888889
37 0.8557484567901235 0.5279706790123457 0.1388888888888889 0.1388888888888889
37 0.3001929012345679 0.6390817901234568 0.1388888888888889 0.1388888888888889
37 0.636304012345679 0.7501929012345679 0.1388888888888889 0.1388888888888889
37 0.8557484567901235 0.861304012345679 0.1388888888888889 0.1388888888888889
37 0.3001929012345679 0.5279706790123457 0.1388888888888889 0.1388888888888889
37 0.636304012345679 0.41685956790123463 0.1388888888888889 0.1388888888888889
37 0.8557484567901235 0.3335262345679012 0.1388888888888889 0.1388888888888889
37 0.6529706790123457 0.3335262345679012 0.1388888888888889 0.1388888888888889
37 0.8557484567901235 0.41685956790123463 0.1388888888888889 0.1388888888888889
37 0.636304012345679 0.5279706790123457 0.1388888888888889 0.1388888888888889