41 0.3807484567901235 0.47241512345679015 0.1388888888888889 0.1388888888888889
41 0.6446373456790124 0.5557484567901235 0.1388888888888889 0.1388888888888889
41 0.8585262345679012 0.6668595679012346 0.1388888888888889 0.1388888888888889
41 0.3001929012345679 0.7779706790123457 0.1388888888888889 0.1388888888888889
41 0.6418595679012346 0.8890817901234568 0.1388888888888889 0.1388888888888889
41 0.8363040123456791 1.0001929012345678 0.1388888888888889 0.1388888888888889
41 0.3001929012345679 0.6668595679012346 0.1388888888888889 0.1388888888888889
41 0.6418595679012346 0.5557484567901235 0.1388888888888889 0.1388888888888889
41 0.8363040123456791 0.47241512345679015 0.1388888888888889 0.1388888888888889
41 0.6446373456790124 0.47241512345679015 0.1388888888888889 0.1388888888888889
41 0.8363040123456791 0.5557484567901235 0.1388888888888889 0.1388888888888889
41 0.6418595679012346 0.6668595679012346 0.1388888888888889 0.1388888888888889