44 0.39741512345679014 0.47241512345679015 0.1388888888888889 0.1388888888888889
44 0.6835262345679013 0.5557484567901235 0.1388888888888889 0.1388888888888889
44 0.8474151234567902 0.6668595679012346 0.1388888888888889 0.1388888888888889
44 0.4057484567901235 0.7779706790123457 0.1388888888888889 0.1388888888888889
44 0.5557484567901235 0.8890817901234568 0.1388888888888889 0.1388888888888889
44 0.8363040123456791 1.0001929012345678 0.1388888888888889 0.1388888888888889
44 0.4057484567901235 0.6668595679012346 0.1388888888888889 0.1388888888888889
44 0.5557484567901235 0.5557484567901235 0.1388888888888889 0.1388888888888889
44 0.8363040123456791 0.47241512345679015 0.1388888888888889 0.1388888888888889
44 0.6835262345679013 0.47241512345679015 0.1388888888888889 0.1388888888888889
44 0.8363040123456791 0.5557484567901235 0.1388888888888889 0.1388888888888889
44 0.5557484567901235 0.6668595679012346 0.1388888888888889 0.1388888888888889