45 0.3557484567901235 0.3335262345679012 0.1388888888888889 0.1388888888888889
45 0.6640817901234568 0.41685956790123463 0.1388888888888889 0.1388888888888889
45 0.8557484567901235 0.5279706790123457 0.1388888888888889 0.1388888888888889
45 0.3474151234567901 0.6390817901234568 0.1388888888888889 0.1388888888888889
45 0.6279706790123457 0.7501929012345679 0.1388888888888889 0.1388888888888889
45 0.8446373456790124 0.861304012345679 0.1388888888888889 0.1388888888888889
45 0.3474151234567901 0.5279706790123457 0.1388888888888889 0.1388888888888889
45 0.6279706790123457 0.41685956790123463 0.1388888888888889 0.1388888888888889
45 0.8446373456790124 0.3335262345679012 0.1388888888888889 0.1388888888888889
45 0.6640817901234568 0.3335262345679012 0.1388888888888889 0.1388888888888889
45 0.8446373456790124 0.41685956790123463 0.1388888888888889 0.1388888888888889
45 0.6279706790123457 0.5279706790123457 0.1388888888888889 0.1388888888888889