47 0.36130401234567905 0.3335262345679012 0.1388888888888889 0.1388888888888889
47 0.6557484567901235 0.41685956790123463 0.1388888888888889 0.1388888888888889
47 0.8418595679012346 0.5279706790123457 0.1388888888888889 0.1388888888888889
47 0.2779706790123457 0.6390817901234568 0.1388888888888889 0.1388888888888889
47 0.6807484567901235 0.7501929012345679 0.1388888888888889 0.1388888888888889
47 0.8363040123456791 0.861304012345679 0.1388888888888889 0.1388888888888889
47 0.2779706790123457 0.5279706790123457 0.1388888888888889 0.1388888888888889
47 0.6807484567901235 0.41685956790123463 0.1388888888888889 0.1388888888888889
47 0.8363040123456791 0.3335262345679012 0.1388888888888889 0.1388888888888889
47 0.6557484567901235 0.3335262345679012 0.1388888888888889 0.1388888888888889
47 0.8363040123456791 0.41685956790123463 0.1388888888888889 0.1388888888888889
47 0.6807484567901235 0.5279706790123457 0.1388888888888889 0.1388888888888889