48 0.3029706790123457 0.47241512345679015 0.1388888888888889 0.1388888888888889
48 0.6585262345679013 0.5557484567901235 0.1388888888888889 0.1388888888888889
48 0.8529706790123457 0.6668595679012346 0.1388888888888889 0.1388888888888889
48 0.34185956790123456 0.7779706790123457 0.1388888888888889 0.1388888888888889
48 0.5585262345679013 0.8890817901234568 0.1388888888888889 0.1388888888888889
48 0.8418595679012346 1.0001929012345678 0.1388888888888889 0.1388888888888889
48 0.34185956790123456 0.6668595679012346 0.1388888888888889 0.1388888888888889
48 0.5585262345679013 0.5557484567901235 0.1388888888888889 0.1388888888888889
48 0.8418595679012346 0.47241512345679015 0.1388888888888889 0.1388888888888889
48 0.6585262345679013 0.47241512345679015 0.1388888888888889 0.1388888888888889
48 0.8418595679012346 0.5557484567901235 0.1388888888888889 0.1388888888888889
48 0.5585262345679013 0.6668595679012346 0.1388888888888889 0.1388888888888889