4 0.37519290123456794 0.3335262345679012 0.1388888888888889 0.1388888888888889
4 0.5613040123456791 0.41685956790123463 0.1388888888888889 0.1388888888888889
4 0.8501929012345679 0.5279706790123457 0.1388888888888889 0.1388888888888889
4 0.34185956790123456 0.6390817901234568 0.1388888888888889 0.1388888888888889
4 0.6474151234567902 0.7501929012345679 0.1388888888888889 0.1388888888888889
4 0.8557484567901235 0.861304012345679 0.1388888888888889 0.1388888888888889
4 0.34185956790123456 0.5279706790123457 0.1388888888888889 0.1388888888888889
4 0.6474151234567902 0.41685956790123463 0.1388888888888889 0.1388888888888889
4 0.8557484567901235 0.3335262345679012 0.1388888888888889 0.1388888888888889
4 0.5613040123456791 0.3335262345679012 0.1388888888888889 0.1388888888888889
4 0.8557484567901235 0.41685956790123463 0.1388888888888889 0.1388888888888889
4 0.6474151234567902 0.5279706790123457 0.1388888888888889 0.1388888888888889