51 0.37519290123456794 0.47241512345679015 0.1388888888888889 0.1388888888888889
51 0.6251929012345679 0.5557484567901235 0.1388888888888889 0.1388888888888889
51 0.8446373456790124 0.6668595679012346 0.1388888888888889 0.1388888888888889
51 0.3585262345679013 0.7779706790123457 0.1388888888888889 0.1388888888888889
51 0.6279706790123457 0.8890817901234568 0.1388888888888889 0.1388888888888889
51 0.8529706790123457 1.0001929012345678 0.1388888888888889 0.1388888888888889
51 0.3585262345679013 0.6668595679012346 0.1388888888888889 0.1388888888888889
51 0.6279706790123457 0.5557484567901235 0.1388888888888889 0.1388888888888889
51 0.8529706790123457 0.47241512345679015 0.1388888888888889 0.1388888888888889
51 0.6251929012345679 0.47241512345679015 0.1388888888888889 0.1388888888888889
51 0.8529706790123457 0.5557484567901235 0.1388888888888889 0.1388888888888889
51 0.6279706790123457 0.6668595679012346 0.1388888888888889 0.1388888888888889