55 0.31685956790123454 0.47241512345679015 0.1388888888888889 0.1388888888888889
55 0.6224151234567902 0.5557484567901235 0.1388888888888889 0.1388888888888889
55 0.8446373456790124 0.6668595679012346 0.1388888888888889 0.1388888888888889
55 0.3807484567901235 0.7779706790123457 0.1388888888888889 0.1388888888888889
55 0.611304012345679 0.8890817901234568 0.1388888888888889 0.1388888888888889
55 0.8501929012345679 1.0001929012345678 0.1388888888888889 0.1388888888888889
55 0.3807484567901235 0.6668595679012346 0.1388888888888889 0.1388888888888889
55 0.611304012345679 0.5557484567901235 0.1388888888888889 0.1388888888888889
55 0.8501929012345679 0.47241512345679015 0.1388888888888889 0.1388888888888889
55 0.6224151234567902 0.47241512345679015 0.1388888888888889 0.1388888888888889
55 0.8501929012345679 0.5557484567901235 0.1388888888888889 0.1388888888888889
55 0.611304012345679 0.6668595679012346 0.1388888888888889 0.1388888888888889