56 0.39741512345679014 0.47241512345679015 0.1388888888888889 0.1388888888888889
56 0.5974151234567902 0.5557484567901235 0.1388888888888889 0.1388888888888889
56 0.8363040123456791 0.6668595679012346 0.1388888888888889 0.1388888888888889
56 0.33074845679012344 0.7779706790123457 0.1388888888888889 0.1388888888888889
56 0.6474151234567902 0.8890817901234568 0.1388888888888889 0.1388888888888889
56 0.8501929012345679 1.0001929012345678 0.1388888888888889 0.1388888888888889
56 0.33074845679012344 0.6668595679012346 0.1388888888888889 0.1388888888888889
56 0.6474151234567902 0.5557484567901235 0.1388888888888889 0.1388888888888889
56 0.8501929012345679 0.47241512345679015 0.1388888888888889 0.1388888888888889
56 0.5974151234567902 0.47241512345679015 0.1388888888888889 0.1388888888888889
56 0.8501929012345679 0.5557484567901235 0.1388888888888889 0.1388888888888889
56 0.6474151234567902 0.6668595679012346 0.1388888888888889 0.1388888888888889