57 0.32797067901234567 0.47241512345679015 0.1388888888888889 0.1388888888888889
57 0.5890817901234568 0.5557484567901235 0.1388888888888889 0.1388888888888889
57 0.8585262345679012 0.6668595679012346 0.1388888888888889 0.1388888888888889
57 0.2918595679012346 0.7779706790123457 0.1388888888888889 0.1388888888888889
57 0.5696373456790124 0.8890817901234568 0.1388888888888889 0.1388888888888889
57 0.8418595679012346 1.0001929012345678 0.1388888888888889 0.1388888888888889
57 0.2918595679012346 0.6668595679012346 0.1388888888888889 0.1388888888888889
57 0.5696373456790124 0.5557484567901235 0.1388888888888889 0.1388888888888889
57 0.8418595679012346 0.47241512345679015 0.1388888888888889 0.1388888888888889
57 0.5890817901234568 0.47241512345679015 0.1388888888888889 0.1388888888888889
57 0.8418595679012346 0.5557484567901235 0.1388888888888889 0.1388888888888889
57 0.5696373456790124 0.6668595679012346 0.1388888888888889 0.1388888888888889