61 0.32241512345679013 0.3335262345679012 0.1388888888888889 0.1388888888888889
61 0.6585262345679013 0.41685956790123463 0.1388888888888889 0.1388888888888889
61 0.8529706790123457 0.5279706790123457 0.1388888888888889 0.1388888888888889
61 0.34185956790123456 0.6390817901234568 0.1388888888888889 0.1388888888888889
61 0.5668595679012346 0.7501929012345679 0.1388888888888889 0.1388888888888889
61 0.8446373456790124 0.861304012345679 0.1388888888888889 0.1388888888888889
61 0.34185956790123456 0.5279706790123457 0.1388888888888889 0.1388888888888889
61 0.5668595679012346 0.41685956790123463 0.1388888888888889 0.1388888888888889
61 0.8446373456790124 0.3335262345679012 0.1388888888888889 0.1388888888888889
61 0.6585262345679013 0.3335262345679012 0.1388888888888889 0.1388888888888889
61 0.8446373456790124 0.41685956790123463 0.1388888888888889 0.1388888888888889
61 0.5668595679012346 0.5279706790123457 0.1388888888888889 0.1388888888888889