5 0.4057484567901235 0.47241512345679015 0.1388888888888889 0.1388888888888889
5 0.661304012345679 0.5557484567901235 0.1388888888888889 0.1388888888888889
5 0.8446373456790124 0.6668595679012346 0.1388888888888889 0.1388888888888889
5 0.29463734567901234 0.7779706790123457 0.1388888888888889 0.1388888888888889
5 0.5974151234567902 0.8890817901234568 0.1388888888888889 0.1388888888888889
5 0.8363040123456791 1.0001929012345678 0.1388888888888889 0.1388888888888889
5 0.29463734567901234 0.6668595679012346 0.1388888888888889 0.1388888888888889
5 0.5974151234567902 0.5557484567901235 0.1388888888888889 0.1388888888888889
5 0.8363040123456791 0.47241512345679015 0.1388888888888889 0.1388888888888889
5 0.661304012345679 0.47241512345679015 0.1388888888888889 0.1388888888888889
5 0.8363040123456791 0.5557484567901235 0.1388888888888889 0.1388888888888889
5 0.5974151234567902 0.6668595679012346 0.1388888888888889 0.1388888888888889