5 0.3918595679012346 0.47241512345679015 0.1388888888888889 0.1388888888888889
5 0.5918595679012346 0.5557484567901235 0.1388888888888889 0.1388888888888889
5 0.8335262345679013 0.6668595679012346 0.1388888888888889 0.1388888888888889
5 0.4001929012345679 0.7779706790123457 0.1388888888888889 0.1388888888888889
5 0.6585262345679013 0.8890817901234568 0.1388888888888889 0.1388888888888889
5 0.8335262345679013 1.0001929012345678 0.1388888888888889 0.1388888888888889
5 0.4001929012345679 0.6668595679012346 0.1388888888888889 0.1388888888888889
5 0.6585262345679013 0.5557484567901235 0.1388888888888889 0.1388888888888889
5 0.8335262345679013 0.47241512345679015 0.1388888888888889 0.1388888888888889
5 0.5918595679012346 0.47241512345679015 0.1388888888888889 0.1388888888888889
5 0.8335262345679013 0.5557484567901235 0.1388888888888889 0.1388888888888889
5 0.6585262345679013 0.6668595679012346 0.1388888888888889 0.1388888888888889