64 0.36130401234567905 0.3335262345679012 0.1388888888888889 0.1388888888888889
64 0.675192901234568 0.41685956790123463 0.1388888888888889 0.1388888888888889
64 0.8363040123456791 0.5279706790123457 0.1388888888888889 0.1388888888888889
64 0.4001929012345679 0.6390817901234568 0.1388888888888889 0.1388888888888889
64 0.650192901234568 0.7501929012345679 0.1388888888888889 0.1388888888888889
64 0.8501929012345679 0.861304012345679 0.1388888888888889 0.1388888888888889
64 0.4001929012345679 0.5279706790123457 0.1388888888888889 0.1388888888888889
64 0.650192901234568 0.41685956790123463 0.1388888888888889 0.1388888888888889
64 0.8501929012345679 0.3335262345679012 0.1388888888888889 0.1388888888888889
64 0.675192901234568 0.3335262345679012 0.1388888888888889 0.1388888888888889
64 0.8501929012345679 0.41685956790123463 0.1388888888888889 0.1388888888888889
64 0.650192901234568 0.5279706790123457 0.1388888888888889 0.1388888888888889