71 0.3474151234567901 0.3335262345679012 0.1388888888888889 0.1388888888888889
71 0.6335262345679012 0.41685956790123463 0.1388888888888889 0.1388888888888889
71 0.8335262345679013 0.5279706790123457 0.1388888888888889 0.1388888888888889
71 0.32241512345679013 0.6390817901234568 0.1388888888888889 0.1388888888888889
71 0.5890817901234568 0.7501929012345679 0.1388888888888889 0.1388888888888889
71 0.8529706790123457 0.861304012345679 0.1388888888888889 0.1388888888888889
71 0.32241512345679013 0.5279706790123457 0.1388888888888889 0.1388888888888889
71 0.5890817901234568 0.41685956790123463 0.1388888888888889 0.1388888888888889
71 0.8529706790123457 0.3335262345679012 0.1388888888888889 0.1388888888888889
71 0.6335262345679012 0.3335262345679012 0.1388888888888889 0.1388888888888889
71 0.8529706790123457 0.41685956790123463 0.1388888888888889 0.1388888888888889
71 0.5890817901234568 0.5279706790123457 0.1388888888888889 0.1388888888888889