72 0.2974151234567901 0.3335262345679012 0.1388888888888889 0.1388888888888889
72 0.5668595679012346 0.41685956790123463 0.1388888888888889 0.1388888888888889
72 0.8390817901234568 0.5279706790123457 0.1388888888888889 0.1388888888888889
72 0.31408179012345677 0.6390817901234568 0.1388888888888889 0.1388888888888889
72 0.6224151234567902 0.7501929012345679 0.1388888888888889 0.1388888888888889
72 0.8585262345679012 0.861304012345679 0.1388888888888889 0.1388888888888889
72 0.31408179012345677 0.5279706790123457 0.1388888888888889 0.1388888888888889
72 0.6224151234567902 0.41685956790123463 0.1388888888888889 0.1388888888888889
72 0.8585262345679012 0.3335262345679012 0.1388888888888889 0.1388888888888889
72 0.5668595679012346 0.3335262345679012 0.1388888888888889 0.1388888888888889
72 0.8585262345679012 0.41685956790123463 0.1388888888888889 0.1388888888888889
72 0.6224151234567902 0.5279706790123457 0.1388888888888889 0.1388888888888889