74 0.37519290123456794 0.47241512345679015 0.1388888888888889 0.1388888888888889
74 0.6474151234567902 0.5557484567901235 0.1388888888888889 0.1388888888888889
74 0.8501929012345679 0.6668595679012346 0.1388888888888889 0.1388888888888889
74 0.28074845679012345 0.7779706790123457 0.1388888888888889 0.1388888888888889
74 0.6446373456790124 0.8890817901234568 0.1388888888888889 0.1388888888888889
74 0.8474151234567902 1.0001929012345678 0.1388888888888889 0.1388888888888889
74 0.28074845679012345 0.6668595679012346 0.1388888888888889 0.1388888888888889
74 0.6446373456790124 0.5557484567901235 0.1388888888888889 0.1388888888888889
74 0.8474151234567902 0.47241512345679015 0.1388888888888889 0.1388888888888889
74 0.6474151234567902 0.47241512345679015 0.1388888888888889 0.1388888888888889
74 0.8474151234567902 0.5557484567901235 0.1388888888888889 0.1388888888888889
74 0.6446373456790124 0.6668595679012346 0.1388888888888889 0.1388888888888889