75 0.3501929012345679 0.47241512345679015 0.1388888888888889 0.1388888888888889
75 0.5835262345679013 0.5557484567901235 0.1388888888888889 0.1388888888888889
75 0.8390817901234568 0.6668595679012346 0.1388888888888889 0.1388888888888889
75 0.2918595679012346 0.7779706790123457 0.1388888888888889 0.1388888888888889
75 0.5918595679012346 0.8890817901234568 0.1388888888888889 0.1388888888888889
75 0.8446373456790124 1.0001929012345678 0.1388888888888889 0.1388888888888889
75 0.2918595679012346 0.6668595679012346 0.1388888888888889 0.1388888888888889
75 0.5918595679012346 0.5557484567901235 0.1388888888888889 0.1388888888888889
75 0.8446373456790124 0.47241512345679015 0.1388888888888889 0.1388888888888889
75 0.5835262345679013 0.47241512345679015 0.1388888888888889 0.1388888888888889
75 0.8446373456790124 0.5557484567901235 0.1388888888888889 0.1388888888888889
75 0.5918595679012346 0.6668595679012346 0.1388888888888889 0.1388888888888889