6 0.31963734567901236 0.47241512345679015 0.1388888888888889 0.1388888888888889
6 0.5890817901234568 0.5557484567901235 0.1388888888888889 0.1388888888888889
6 0.8501929012345679 0.6668595679012346 0.1388888888888889 0.1388888888888889
6 0.3807484567901235 0.7779706790123457 0.1388888888888889 0.1388888888888889
6 0.6807484567901235 0.8890817901234568 0.1388888888888889 0.1388888888888889
6 0.8390817901234568 1.0001929012345678 0.1388888888888889 0.1388888888888889
6 0.3807484567901235 0.6668595679012346 0.1388888888888889 0.1388888888888889
6 0.6807484567901235 0.5557484567901235 0.1388888888888889 0.1388888888888889
6 0.8390817901234568 0.47241512345679015 0.1388888888888889 0.1388888888888889
6 0.5890817901234568 0.47241512345679015 0.1388888888888889 0.1388888888888889
6 0.8390817901234568 0.5557484567901235 0.1388888888888889 0.1388888888888889
6 0.6807484567901235 0.6668595679012346 0.1388888888888889 0.1388888888888889