6 0.3251929012345679 0.3335262345679012 0.1388888888888889 0.1388888888888889
6 0.6890817901234568 0.41685956790123463 0.1388888888888889 0.1388888888888889
6 0.8474151234567902 0.5279706790123457 0.1388888888888889 0.1388888888888889
6 0.3557484567901235 0.6390817901234568 0.1388888888888889 0.1388888888888889
6 0.5779706790123457 0.7501929012345679 0.1388888888888889 0.1388888888888889
6 0.8363040123456791 0.861304012345679 0.1388888888888889 0.1388888888888889
6 0.3557484567901235 0.5279706790123457 0.1388888888888889 0.1388888888888889
6 0.5779706790123457 0.41685956790123463 0.1388888888888889 0.1388888888888889
6 0.8363040123456791 0.3335262345679012 0.1388888888888889 0.1388888888888889
6 0.6890817901234568 0.3335262345679012 0.1388888888888889 0.1388888888888889
6 0.8363040123456791 0.41685956790123463 0.1388888888888889 0.1388888888888889
6 0.5779706790123457 0.5279706790123457 0.1388888888888889 0.1388888888888889