77 0.33074845679012344 0.3335262345679012 0.1388888888888889 0.1388888888888889
77 0.6474151234567902 0.41685956790123463 0.1388888888888889 0.1388888888888889
77 0.8501929012345679 0.5279706790123457 0.1388888888888889 0.1388888888888889
77 0.311304012345679 0.6390817901234568 0.1388888888888889 0.1388888888888889
77 0.611304012345679 0.7501929012345679 0.1388888888888889 0.1388888888888889
77 0.8501929012345679 0.861304012345679 0.1388888888888889 0.1388888888888889
77 0.311304012345679 0.5279706790123457 0.1388888888888889 0.1388888888888889
77 0.611304012345679 0.41685956790123463 0.1388888888888889 0.1388888888888889
77 0.8501929012345679 0.3335262345679012 0.1388888888888889 0.1388888888888889
77 0.6474151234567902 0.3335262345679012 0.1388888888888889 0.1388888888888889
77 0.8501929012345679 0.41685956790123463 0.1388888888888889 0.1388888888888889
77 0.611304012345679 0.5279706790123457 0.1388888888888889 0.1388888888888889