78 0.37519290123456794 0.3335262345679012 0.1388888888888889 0.1388888888888889
78 0.6418595679012346 0.41685956790123463 0.1388888888888889 0.1388888888888889
78 0.8446373456790124 0.5279706790123457 0.1388888888888889 0.1388888888888889
78 0.36130401234567905 0.6390817901234568 0.1388888888888889 0.1388888888888889
78 0.5946373456790124 0.7501929012345679 0.1388888888888889 0.1388888888888889
78 0.8363040123456791 0.861304012345679 0.1388888888888889 0.1388888888888889
78 0.36130401234567905 0.5279706790123457 0.1388888888888889 0.1388888888888889
78 0.5946373456790124 0.41685956790123463 0.1388888888888889 0.1388888888888889
78 0.8363040123456791 0.3335262345679012 0.1388888888888889 0.1388888888888889
78 0.6418595679012346 0.3335262345679012 0.1388888888888889 0.1388888888888889
78 0.8363040123456791 0.41685956790123463 0.1388888888888889 0.1388888888888889
78 0.5946373456790124 0.5279706790123457 0.1388888888888889 0.1388888888888889