80 0.38908179012345684 0.3335262345679012 0.1388888888888889 0.1388888888888889
80 0.6807484567901235 0.41685956790123463 0.1388888888888889 0.1388888888888889
80 0.8446373456790124 0.5279706790123457 0.1388888888888889 0.1388888888888889
80 0.286304012345679 0.6390817901234568 0.1388888888888889 0.1388888888888889
80 0.5696373456790124 0.7501929012345679 0.1388888888888889 0.1388888888888889
80 0.8363040123456791 0.861304012345679 0.1388888888888889 0.1388888888888889
80 0.286304012345679 0.5279706790123457 0.1388888888888889 0.1388888888888889
80 0.5696373456790124 0.41685956790123463 0.1388888888888889 0.1388888888888889
80 0.8363040123456791 0.3335262345679012 0.1388888888888889 0.1388888888888889
80 0.6807484567901235 0.3335262345679012 0.1388888888888889 0.1388888888888889
80 0.8363040123456791 0.41685956790123463 0.1388888888888889 0.1388888888888889
80 0.5696373456790124 0.5279706790123457 0.1388888888888889 0.1388888888888889