81 0.38352623456790125 0.3335262345679012 0.1388888888888889 0.1388888888888889
81 0.6557484567901235 0.41685956790123463 0.1388888888888889 0.1388888888888889
81 0.8557484567901235 0.5279706790123457 0.1388888888888889 0.1388888888888889
81 0.2974151234567901 0.6390817901234568 0.1388888888888889 0.1388888888888889
81 0.6307484567901235 0.7501929012345679 0.1388888888888889 0.1388888888888889
81 0.8335262345679013 0.861304012345679 0.1388888888888889 0.1388888888888889
81 0.2974151234567901 0.5279706790123457 0.1388888888888889 0.1388888888888889
81 0.6307484567901235 0.41685956790123463 0.1388888888888889 0.1388888888888889
81 0.8335262345679013 0.3335262345679012 0.1388888888888889 0.1388888888888889
81 0.6557484567901235 0.3335262345679012 0.1388888888888889 0.1388888888888889
81 0.8335262345679013 0.41685956790123463 0.1388888888888889 0.1388888888888889
81 0.6307484567901235 0.5279706790123457 0.1388888888888889 0.1388888888888889