82 0.2890817901234568 0.47241512345679015 0.1388888888888889 0.1388888888888889
82 0.6085262345679012 0.5557484567901235 0.1388888888888889 0.1388888888888889
82 0.8446373456790124 0.6668595679012346 0.1388888888888889 0.1388888888888889
82 0.30574845679012347 0.7779706790123457 0.1388888888888889 0.1388888888888889
82 0.6251929012345679 0.8890817901234568 0.1388888888888889 0.1388888888888889
82 0.8557484567901235 1.0001929012345678 0.1388888888888889 0.1388888888888889
82 0.30574845679012347 0.6668595679012346 0.1388888888888889 0.1388888888888889
82 0.6251929012345679 0.5557484567901235 0.1388888888888889 0.1388888888888889
82 0.8557484567901235 0.47241512345679015 0.1388888888888889 0.1388888888888889
82 0.6085262345679012 0.47241512345679015 0.1388888888888889 0.1388888888888889
82 0.8557484567901235 0.5557484567901235 0.1388888888888889 0.1388888888888889
82 0.6251929012345679 0.6668595679012346 0.1388888888888889 0.1388888888888889