83 0.29463734567901234 0.47241512345679015 0.1388888888888889 0.1388888888888889
83 0.6863040123456791 0.5557484567901235 0.1388888888888889 0.1388888888888889
83 0.8501929012345679 0.6668595679012346 0.1388888888888889 0.1388888888888889
83 0.34185956790123456 0.7779706790123457 0.1388888888888889 0.1388888888888889
83 0.5668595679012346 0.8890817901234568 0.1388888888888889 0.1388888888888889
83 0.8557484567901235 1.0001929012345678 0.1388888888888889 0.1388888888888889
83 0.34185956790123456 0.6668595679012346 0.1388888888888889 0.1388888888888889
83 0.5668595679012346 0.5557484567901235 0.1388888888888889 0.1388888888888889
83 0.8557484567901235 0.47241512345679015 0.1388888888888889 0.1388888888888889
83 0.6863040123456791 0.47241512345679015 0.1388888888888889 0.1388888888888889
83 0.8557484567901235 0.5557484567901235 0.1388888888888889 0.1388888888888889
83 0.5668595679012346 0.6668595679012346 0.1388888888888889 0.1388888888888889