7 0.34463734567901233 0.47241512345679015 0.1388888888888889 0.1388888888888889
7 0.5724151234567901 0.5557484567901235 0.1388888888888889 0.1388888888888889
7 0.8418595679012346 0.6668595679012346 0.1388888888888889 0.1388888888888889
7 0.286304012345679 0.7779706790123457 0.1388888888888889 0.1388888888888889
7 0.5751929012345679 0.8890817901234568 0.1388888888888889 0.1388888888888889
7 0.8529706790123457 1.0001929012345678 0.1388888888888889 0.1388888888888889
7 0.286304012345679 0.6668595679012346 0.1388888888888889 0.1388888888888889
7 0.5751929012345679 0.5557484567901235 0.1388888888888889 0.1388888888888889
7 0.8529706790123457 0.47241512345679015 0.1388888888888889 0.1388888888888889
7 0.5724151234567901 0.47241512345679015 0.1388888888888889 0.1388888888888889
7 0.8529706790123457 0.5557484567901235 0.1388888888888889 0.1388888888888889
7 0.5751929012345679 0.6668595679012346 0.1388888888888889 0.1388888888888889