7 0.2835262345679012 0.47241512345679015 0.1388888888888889 0.1388888888888889
7 0.5751929012345679 0.5557484567901235 0.1388888888888889 0.1388888888888889
7 0.8390817901234568 0.6668595679012346 0.1388888888888889 0.1388888888888889
7 0.34185956790123456 0.7779706790123457 0.1388888888888889 0.1388888888888889
7 0.5696373456790124 0.8890817901234568 0.1388888888888889 0.1388888888888889
7 0.8557484567901235 1.0001929012345678 0.1388888888888889 0.1388888888888889
7 0.34185956790123456 0.6668595679012346 0.1388888888888889 0.1388888888888889
7 0.5696373456790124 0.5557484567901235 0.1388888888888889 0.1388888888888889
7 0.8557484567901235 0.47241512345679015 0.1388888888888889 0.1388888888888889
7 0.5751929012345679 0.47241512345679015 0.1388888888888889 0.1388888888888889
7 0.8557484567901235 0.5557484567901235 0.1388888888888889 0.1388888888888889
7 0.5696373456790124 0.6668595679012346 0.1388888888888889 0.1388888888888889