7 0.31963734567901236 0.3335262345679012 0.1388888888888889 0.1388888888888889
7 0.6863040123456791 0.41685956790123463 0.1388888888888889 0.1388888888888889
7 0.8390817901234568 0.5279706790123457 0.1388888888888889 0.1388888888888889
7 0.31685956790123454 0.6390817901234568 0.1388888888888889 0.1388888888888889
7 0.6279706790123457 0.7501929012345679 0.1388888888888889 0.1388888888888889
7 0.8390817901234568 0.861304012345679 0.1388888888888889 0.1388888888888889
7 0.31685956790123454 0.5279706790123457 0.1388888888888889 0.1388888888888889
7 0.6279706790123457 0.41685956790123463 0.1388888888888889 0.1388888888888889
7 0.8390817901234568 0.3335262345679012 0.1388888888888889 0.1388888888888889
7 0.6863040123456791 0.3335262345679012 0.1388888888888889 0.1388888888888889
7 0.8390817901234568 0.41685956790123463 0.1388888888888889 0.1388888888888889
7 0.6279706790123457 0.5279706790123457 0.1388888888888889 0.1388888888888889