7 0.3529706790123457 0.3335262345679012 0.1388888888888889 0.1388888888888889
7 0.6085262345679012 0.41685956790123463 0.1388888888888889 0.1388888888888889
7 0.8418595679012346 0.5279706790123457 0.1388888888888889 0.1388888888888889
7 0.31408179012345677 0.6390817901234568 0.1388888888888889 0.1388888888888889
7 0.6251929012345679 0.7501929012345679 0.1388888888888889 0.1388888888888889
7 0.8446373456790124 0.861304012345679 0.1388888888888889 0.1388888888888889
7 0.31408179012345677 0.5279706790123457 0.1388888888888889 0.1388888888888889
7 0.6251929012345679 0.41685956790123463 0.1388888888888889 0.1388888888888889
7 0.8446373456790124 0.3335262345679012 0.1388888888888889 0.1388888888888889
7 0.6085262345679012 0.3335262345679012 0.1388888888888889 0.1388888888888889
7 0.8446373456790124 0.41685956790123463 0.1388888888888889 0.1388888888888889
7 0.6251929012345679 0.5279706790123457 0.1388888888888889 0.1388888888888889