89 0.311304012345679 0.3335262345679012 0.1388888888888889 0.1388888888888889
89 0.6446373456790124 0.41685956790123463 0.1388888888888889 0.1388888888888889
89 0.8390817901234568 0.5279706790123457 0.1388888888888889 0.1388888888888889
89 0.38352623456790125 0.6390817901234568 0.1388888888888889 0.1388888888888889
89 0.661304012345679 0.7501929012345679 0.1388888888888889 0.1388888888888889
89 0.8390817901234568 0.861304012345679 0.1388888888888889 0.1388888888888889
89 0.38352623456790125 0.5279706790123457 0.1388888888888889 0.1388888888888889
89 0.661304012345679 0.41685956790123463 0.1388888888888889 0.1388888888888889
89 0.8390817901234568 0.3335262345679012 0.1388888888888889 0.1388888888888889
89 0.6446373456790124 0.3335262345679012 0.1388888888888889 0.1388888888888889
89 0.8390817901234568 0.41685956790123463 0.1388888888888889 0.1388888888888889
89 0.661304012345679 0.5279706790123457 0.1388888888888889 0.1388888888888889