91 0.3390817901234568 0.47241512345679015 0.1388888888888889 0.1388888888888889
91 0.6585262345679013 0.5557484567901235 0.1388888888888889 0.1388888888888889
91 0.8529706790123457 0.6668595679012346 0.1388888888888889 0.1388888888888889
91 0.3474151234567901 0.7779706790123457 0.1388888888888889 0.1388888888888889
91 0.5751929012345679 0.8890817901234568 0.1388888888888889 0.1388888888888889
91 0.8418595679012346 1.0001929012345678 0.1388888888888889 0.1388888888888889
91 0.3474151234567901 0.6668595679012346 0.1388888888888889 0.1388888888888889
91 0.5751929012345679 0.5557484567901235 0.1388888888888889 0.1388888888888889
91 0.8418595679012346 0.47241512345679015 0.1388888888888889 0.1388888888888889
91 0.6585262345679013 0.47241512345679015 0.1388888888888889 0.1388888888888889
91 0.8418595679012346 0.5557484567901235 0.1388888888888889 0.1388888888888889
91 0.5751929012345679 0.6668595679012346 0.1388888888888889 0.1388888888888889