96 0.3585262345679013 0.47241512345679015 0.1388888888888889 0.1388888888888889
96 0.6835262345679013 0.5557484567901235 0.1388888888888889 0.1388888888888889
96 0.8585262345679012 0.6668595679012346 0.1388888888888889 0.1388888888888889
96 0.2890817901234568 0.7779706790123457 0.1388888888888889 0.1388888888888889
96 0.611304012345679 0.8890817901234568 0.1388888888888889 0.1388888888888889
96 0.8529706790123457 1.0001929012345678 0.1388888888888889 0.1388888888888889
96 0.2890817901234568 0.6668595679012346 0.1388888888888889 0.1388888888888889
96 0.611304012345679 0.5557484567901235 0.1388888888888889 0.1388888888888889
96 0.8529706790123457 0.47241512345679015 0.1388888888888889 0.1388888888888889
96 0.6835262345679013 0.47241512345679015 0.1388888888888889 0.1388888888888889
96 0.8529706790123457 0.5557484567901235 0.1388888888888889 0.1388888888888889
96 0.611304012345679 0.6668595679012346 0.1388888888888889 0.1388888888888889