98 0.31685956790123454 0.3335262345679012 0.1388888888888889 0.1388888888888889
98 0.6696373456790123 0.41685956790123463 0.1388888888888889 0.1388888888888889
98 0.8390817901234568 0.5279706790123457 0.1388888888888889 0.1388888888888889
98 0.2779706790123457 0.6390817901234568 0.1388888888888889 0.1388888888888889
98 0.6585262345679013 0.7501929012345679 0.1388888888888889 0.1388888888888889
98 0.8557484567901235 0.861304012345679 0.1388888888888889 0.1388888888888889
98 0.2779706790123457 0.5279706790123457 0.1388888888888889 0.1388888888888889
98 0.6585262345679013 0.41685956790123463 0.1388888888888889 0.1388888888888889
98 0.8557484567901235 0.3335262345679012 0.1388888888888889 0.1388888888888889
98 0.6696373456790123 0.3335262345679012 0.1388888888888889 0.1388888888888889
98 0.8557484567901235 0.41685956790123463 0.1388888888888889 0.1388888888888889
98 0.6585262345679013 0.5279706790123457 0.1388888888888889 0.1388888888888889