99 0.3529706790123457 0.47241512345679015 0.1388888888888889 0.1388888888888889
99 0.6890817901234568 0.5557484567901235 0.1388888888888889 0.1388888888888889
99 0.8363040123456791 0.6668595679012346 0.1388888888888889 0.1388888888888889
99 0.3779706790123457 0.7779706790123457 0.1388888888888889 0.1388888888888889
99 0.5863040123456791 0.8890817901234568 0.1388888888888889 0.1388888888888889
99 0.8474151234567902 1.0001929012345678 0.1388888888888889 0.1388888888888889
99 0.3779706790123457 0.6668595679012346 0.1388888888888889 0.1388888888888889
99 0.5863040123456791 0.5557484567901235 0.1388888888888889 0.1388888888888889
99 0.8474151234567902 0.47241512345679015 0.1388888888888889 0.1388888888888889
99 0.6890817901234568 0.47241512345679015 0.1388888888888889 0.1388888888888889
99 0.8474151234567902 0.5557484567901235 0.1388888888888889 0.1388888888888889
99 0.5863040123456791 0.6668595679012346 0.1388888888888889 0.1388888888888889