101 0.36130401234567905 0.3335262345679012 0.1388888888888889 0.1388888888888889
101 0.6057484567901235 0.41685956790123463 0.1388888888888889 0.1388888888888889
101 0.8585262345679012 0.5279706790123457 0.1388888888888889 0.1388888888888889
101 0.2974151234567901 0.6390817901234568 0.1388888888888889 0.1388888888888889
101 0.5918595679012346 0.7501929012345679 0.1388888888888889 0.1388888888888889
101 0.8446373456790124 0.861304012345679 0.1388888888888889 0.1388888888888889
101 0.2974151234567901 0.5279706790123457 0.1388888888888889 0.1388888888888889
101 0.5918595679012346 0.41685956790123463 0.1388888888888889 0.1388888888888889
101 0.8446373456790124 0.3335262345679012 0.1388888888888889 0.1388888888888889
101 0.6057484567901235 0.3335262345679012 0.1388888888888889 0.1388888888888889
101 0.8446373456790124 0.41685956790123463 0.1388888888888889 0.1388888888888889
101 0.5918595679012346 0.5279706790123457 0.1388888888888889 0.1388888888888889