8 0.3807484567901235 0.47241512345679015 0.1388888888888889 0.1388888888888889
8 0.5946373456790124 0.5557484567901235 0.1388888888888889 0.1388888888888889
8 0.8501929012345679 0.6668595679012346 0.1388888888888889 0.1388888888888889
8 0.41130401234567904 0.7779706790123457 0.1388888888888889 0.1388888888888889
8 0.6890817901234568 0.8890817901234568 0.1388888888888889 0.1388888888888889
8 0.8390817901234568 1.0001929012345678 0.1388888888888889 0.1388888888888889
8 0.41130401234567904 0.6668595679012346 0.1388888888888889 0.1388888888888889
8 0.6890817901234568 0.5557484567901235 0.1388888888888889 0.1388888888888889
8 0.8390817901234568 0.47241512345679015 0.1388888888888889 0.1388888888888889
8 0.5946373456790124 0.47241512345679015 0.1388888888888889 0.1388888888888889
8 0.8390817901234568 0.5557484567901235 0.1388888888888889 0.1388888888888889
8 0.6890817901234568 0.6668595679012346 0.1388888888888889 0.1388888888888889