8 0.38908179012345684 0.3335262345679012 0.1388888888888889 0.1388888888888889
8 0.5890817901234568 0.41685956790123463 0.1388888888888889 0.1388888888888889
8 0.8474151234567902 0.5279706790123457 0.1388888888888889 0.1388888888888889
8 0.4140817901234568 0.6390817901234568 0.1388888888888889 0.1388888888888889
8 0.6918595679012346 0.7501929012345679 0.1388888888888889 0.1388888888888889
8 0.8557484567901235 0.861304012345679 0.1388888888888889 0.1388888888888889
8 0.4140817901234568 0.5279706790123457 0.1388888888888889 0.1388888888888889
8 0.6918595679012346 0.41685956790123463 0.1388888888888889 0.1388888888888889
8 0.8557484567901235 0.3335262345679012 0.1388888888888889 0.1388888888888889
8 0.5890817901234568 0.3335262345679012 0.1388888888888889 0.1388888888888889
8 0.8557484567901235 0.41685956790123463 0.1388888888888889 0.1388888888888889
8 0.6918595679012346 0.5279706790123457 0.1388888888888889 0.1388888888888889