8 0.2974151234567901 0.47241512345679015 0.1388888888888889 0.1388888888888889
8 0.6307484567901235 0.5557484567901235 0.1388888888888889 0.1388888888888889
8 0.8585262345679012 0.6668595679012346 0.1388888888888889 0.1388888888888889
8 0.38352623456790125 0.7779706790123457 0.1388888888888889 0.1388888888888889
8 0.6835262345679013 0.8890817901234568 0.1388888888888889 0.1388888888888889
8 0.8390817901234568 1.0001929012345678 0.1388888888888889 0.1388888888888889
8 0.38352623456790125 0.6668595679012346 0.1388888888888889 0.1388888888888889
8 0.6835262345679013 0.5557484567901235 0.1388888888888889 0.1388888888888889
8 0.8390817901234568 0.47241512345679015 0.1388888888888889 0.1388888888888889
8 0.6307484567901235 0.47241512345679015 0.1388888888888889 0.1388888888888889
8 0.8390817901234568 0.5557484567901235 0.1388888888888889 0.1388888888888889
8 0.6835262345679013 0.6668595679012346 0.1388888888888889 0.1388888888888889