103 0.3807484567901235 0.3335262345679012 0.1388888888888889 0.1388888888888889
103 0.6168595679012346 0.41685956790123463 0.1388888888888889 0.1388888888888889
103 0.8529706790123457 0.5279706790123457 0.1388888888888889 0.1388888888888889
103 0.3529706790123457 0.6390817901234568 0.1388888888888889 0.1388888888888889
103 0.5613040123456791 0.7501929012345679 0.1388888888888889 0.1388888888888889
103 0.8363040123456791 0.861304012345679 0.1388888888888889 0.1388888888888889
103 0.3529706790123457 0.5279706790123457 0.1388888888888889 0.1388888888888889
103 0.5613040123456791 0.41685956790123463 0.1388888888888889 0.1388888888888889
103 0.8363040123456791 0.3335262345679012 0.1388888888888889 0.1388888888888889
103 0.6168595679012346 0.3335262345679012 0.1388888888888889 0.1388888888888889
103 0.8363040123456791 0.41685956790123463 0.1388888888888889 0.1388888888888889
103 0.5613040123456791 0.5279706790123457 0.1388888888888889 0.1388888888888889