104 0.3585262345679013 0.3335262345679012 0.1388888888888889 0.1388888888888889
104 0.6001929012345679 0.41685956790123463 0.1388888888888889 0.1388888888888889
104 0.8363040123456791 0.5279706790123457 0.1388888888888889 0.1388888888888889
104 0.32241512345679013 0.6390817901234568 0.1388888888888889 0.1388888888888889
104 0.6529706790123457 0.7501929012345679 0.1388888888888889 0.1388888888888889
104 0.8363040123456791 0.861304012345679 0.1388888888888889 0.1388888888888889
104 0.32241512345679013 0.5279706790123457 0.1388888888888889 0.1388888888888889
104 0.6529706790123457 0.41685956790123463 0.1388888888888889 0.1388888888888889
104 0.8363040123456791 0.3335262345679012 0.1388888888888889 0.1388888888888889
104 0.6001929012345679 0.3335262345679012 0.1388888888888889 0.1388888888888889
104 0.8363040123456791 0.41685956790123463 0.1388888888888889 0.1388888888888889
104 0.6529706790123457 0.5279706790123457 0.1388888888888889 0.1388888888888889