107 0.3918595679012346 0.3335262345679012 0.1388888888888889 0.1388888888888889
107 0.6140817901234569 0.41685956790123463 0.1388888888888889 0.1388888888888889
107 0.8335262345679013 0.5279706790123457 0.1388888888888889 0.1388888888888889
107 0.4057484567901235 0.6390817901234568 0.1388888888888889 0.1388888888888889
107 0.6196373456790124 0.7501929012345679 0.1388888888888889 0.1388888888888889
107 0.8390817901234568 0.861304012345679 0.1388888888888889 0.1388888888888889
107 0.4057484567901235 0.5279706790123457 0.1388888888888889 0.1388888888888889
107 0.6196373456790124 0.41685956790123463 0.1388888888888889 0.1388888888888889
107 0.8390817901234568 0.3335262345679012 0.1388888888888889 0.1388888888888889
107 0.6140817901234569 0.3335262345679012 0.1388888888888889 0.1388888888888889
107 0.8390817901234568 0.41685956790123463 0.1388888888888889 0.1388888888888889
107 0.6196373456790124 0.5279706790123457 0.1388888888888889 0.1388888888888889