108 0.32241512345679013 0.3335262345679012 0.1388888888888889 0.1388888888888889
108 0.6529706790123457 0.41685956790123463 0.1388888888888889 0.1388888888888889
108 0.8585262345679012 0.5279706790123457 0.1388888888888889 0.1388888888888889
108 0.4140817901234568 0.6390817901234568 0.1388888888888889 0.1388888888888889
108 0.5946373456790124 0.7501929012345679 0.1388888888888889 0.1388888888888889
108 0.8418595679012346 0.861304012345679 0.1388888888888889 0.1388888888888889
108 0.4140817901234568 0.5279706790123457 0.1388888888888889 0.1388888888888889
108 0.5946373456790124 0.41685956790123463 0.1388888888888889 0.1388888888888889
108 0.8418595679012346 0.3335262345679012 0.1388888888888889 0.1388888888888889
108 0.6529706790123457 0.3335262345679012 0.1388888888888889 0.1388888888888889
108 0.8418595679012346 0.41685956790123463 0.1388888888888889 0.1388888888888889
108 0.5946373456790124 0.5279706790123457 0.1388888888888889 0.1388888888888889