109 0.3529706790123457 0.47241512345679015 0.1388888888888889 0.1388888888888889
109 0.6029706790123457 0.5557484567901235 0.1388888888888889 0.1388888888888889
109 0.8335262345679013 0.6668595679012346 0.1388888888888889 0.1388888888888889
109 0.33074845679012344 0.7779706790123457 0.1388888888888889 0.1388888888888889
109 0.6446373456790124 0.8890817901234568 0.1388888888888889 0.1388888888888889
109 0.8529706790123457 1.0001929012345678 0.1388888888888889 0.1388888888888889
109 0.33074845679012344 0.6668595679012346 0.1388888888888889 0.1388888888888889
109 0.6446373456790124 0.5557484567901235 0.1388888888888889 0.1388888888888889
109 0.8529706790123457 0.47241512345679015 0.1388888888888889 0.1388888888888889
109 0.6029706790123457 0.47241512345679015 0.1388888888888889 0.1388888888888889
109 0.8529706790123457 0.5557484567901235 0.1388888888888889 0.1388888888888889
109 0.6446373456790124 0.6668595679012346 0.1388888888888889 0.1388888888888889