111 0.2835262345679012 0.3335262345679012 0.1388888888888889 0.1388888888888889
111 0.5696373456790124 0.41685956790123463 0.1388888888888889 0.1388888888888889
111 0.8529706790123457 0.5279706790123457 0.1388888888888889 0.1388888888888889
111 0.37519290123456794 0.6390817901234568 0.1388888888888889 0.1388888888888889
111 0.6140817901234569 0.7501929012345679 0.1388888888888889 0.1388888888888889
111 0.8390817901234568 0.861304012345679 0.1388888888888889 0.1388888888888889
111 0.37519290123456794 0.5279706790123457 0.1388888888888889 0.1388888888888889
111 0.6140817901234569 0.41685956790123463 0.1388888888888889 0.1388888888888889
111 0.8390817901234568 0.3335262345679012 0.1388888888888889 0.1388888888888889
111 0.5696373456790124 0.3335262345679012 0.1388888888888889 0.1388888888888889
111 0.8390817901234568 0.41685956790123463 0.1388888888888889 0.1388888888888889
111 0.6140817901234569 0.5279706790123457 0.1388888888888889 0.1388888888888889