112 0.28074845679012345 0.3335262345679012 0.1388888888888889 0.1388888888888889
112 0.6918595679012346 0.41685956790123463 0.1388888888888889 0.1388888888888889
112 0.8557484567901235 0.5279706790123457 0.1388888888888889 0.1388888888888889
112 0.38630401234567907 0.6390817901234568 0.1388888888888889 0.1388888888888889
112 0.661304012345679 0.7501929012345679 0.1388888888888889 0.1388888888888889
112 0.8363040123456791 0.861304012345679 0.1388888888888889 0.1388888888888889
112 0.38630401234567907 0.5279706790123457 0.1388888888888889 0.1388888888888889
112 0.661304012345679 0.41685956790123463 0.1388888888888889 0.1388888888888889
112 0.8363040123456791 0.3335262345679012 0.1388888888888889 0.1388888888888889
112 0.6918595679012346 0.3335262345679012 0.1388888888888889 0.1388888888888889
112 0.8363040123456791 0.41685956790123463 0.1388888888888889 0.1388888888888889
112 0.661304012345679 0.5279706790123457 0.1388888888888889 0.1388888888888889