9 0.2918595679012346 0.3335262345679012 0.1388888888888889 0.1388888888888889
9 0.6001929012345679 0.41685956790123463 0.1388888888888889 0.1388888888888889
9 0.8529706790123457 0.5279706790123457 0.1388888888888889 0.1388888888888889
9 0.32797067901234567 0.6390817901234568 0.1388888888888889 0.1388888888888889
9 0.611304012345679 0.7501929012345679 0.1388888888888889 0.1388888888888889
9 0.8446373456790124 0.861304012345679 0.1388888888888889 0.1388888888888889
9 0.32797067901234567 0.5279706790123457 0.1388888888888889 0.1388888888888889
9 0.611304012345679 0.41685956790123463 0.1388888888888889 0.1388888888888889
9 0.8446373456790124 0.3335262345679012 0.1388888888888889 0.1388888888888889
9 0.6001929012345679 0.3335262345679012 0.1388888888888889 0.1388888888888889
9 0.8446373456790124 0.41685956790123463 0.1388888888888889 0.1388888888888889
9 0.611304012345679 0.5279706790123457 0.1388888888888889 0.1388888888888889