9 0.28074845679012345 0.47241512345679015 0.1388888888888889 0.1388888888888889
9 0.6140817901234569 0.5557484567901235 0.1388888888888889 0.1388888888888889
9 0.8474151234567902 0.6668595679012346 0.1388888888888889 0.1388888888888889
9 0.30852623456790124 0.7779706790123457 0.1388888888888889 0.1388888888888889
9 0.6890817901234568 0.8890817901234568 0.1388888888888889 0.1388888888888889
9 0.8557484567901235 1.0001929012345678 0.1388888888888889 0.1388888888888889
9 0.30852623456790124 0.6668595679012346 0.1388888888888889 0.1388888888888889
9 0.6890817901234568 0.5557484567901235 0.1388888888888889 0.1388888888888889
9 0.8557484567901235 0.47241512345679015 0.1388888888888889 0.1388888888888889
9 0.6140817901234569 0.47241512345679015 0.1388888888888889 0.1388888888888889
9 0.8557484567901235 0.5557484567901235 0.1388888888888889 0.1388888888888889
9 0.6890817901234568 0.6668595679012346 0.1388888888888889 0.1388888888888889