9 0.3807484567901235 0.47241512345679015 0.1388888888888889 0.1388888888888889
9 0.6918595679012346 0.5557484567901235 0.1388888888888889 0.1388888888888889
9 0.8529706790123457 0.6668595679012346 0.1388888888888889 0.1388888888888889
9 0.3807484567901235 0.7779706790123457 0.1388888888888889 0.1388888888888889
9 0.636304012345679 0.8890817901234568 0.1388888888888889 0.1388888888888889
9 0.8446373456790124 1.0001929012345678 0.1388888888888889 0.1388888888888889
9 0.3807484567901235 0.6668595679012346 0.1388888888888889 0.1388888888888889
9 0.636304012345679 0.5557484567901235 0.1388888888888889 0.1388888888888889
9 0.8446373456790124 0.47241512345679015 0.1388888888888889 0.1388888888888889
9 0.6918595679012346 0.47241512345679015 0.1388888888888889 0.1388888888888889
9 0.8446373456790124 0.5557484567901235 0.1388888888888889 0.1388888888888889
9 0.636304012345679 0.6668595679012346 0.1388888888888889 0.1388888888888889