114 0.3474151234567901 0.3335262345679012 0.1388888888888889 0.1388888888888889
114 0.6863040123456791 0.41685956790123463 0.1388888888888889 0.1388888888888889
114 0.8474151234567902 0.5279706790123457 0.1388888888888889 0.1388888888888889
114 0.3251929012345679 0.6390817901234568 0.1388888888888889 0.1388888888888889
114 0.6585262345679013 0.7501929012345679 0.1388888888888889 0.1388888888888889
114 0.8390817901234568 0.861304012345679 0.1388888888888889 0.1388888888888889
114 0.3251929012345679 0.5279706790123457 0.1388888888888889 0.1388888888888889
114 0.6585262345679013 0.41685956790123463 0.1388888888888889 0.1388888888888889
114 0.8390817901234568 0.3335262345679012 0.1388888888888889 0.1388888888888889
114 0.6863040123456791 0.3335262345679012 0.1388888888888889 0.1388888888888889
114 0.8390817901234568 0.41685956790123463 0.1388888888888889 0.1388888888888889
114 0.6585262345679013 0.5279706790123457 0.1388888888888889 0.1388888888888889