117 0.31963734567901236 0.47241512345679015 0.1388888888888889 0.1388888888888889
117 0.6890817901234568 0.5557484567901235 0.1388888888888889 0.1388888888888889
117 0.8390817901234568 0.6668595679012346 0.1388888888888889 0.1388888888888889
117 0.39741512345679014 0.7779706790123457 0.1388888888888889 0.1388888888888889
117 0.661304012345679 0.8890817901234568 0.1388888888888889 0.1388888888888889
117 0.8363040123456791 1.0001929012345678 0.1388888888888889 0.1388888888888889
117 0.39741512345679014 0.6668595679012346 0.1388888888888889 0.1388888888888889
117 0.661304012345679 0.5557484567901235 0.1388888888888889 0.1388888888888889
117 0.8363040123456791 0.47241512345679015 0.1388888888888889 0.1388888888888889
117 0.6890817901234568 0.47241512345679015 0.1388888888888889 0.1388888888888889
117 0.8363040123456791 0.5557484567901235 0.1388888888888889 0.1388888888888889
117 0.661304012345679 0.6668595679012346 0.1388888888888889 0.1388888888888889