122 0.3501929012345679 0.47241512345679015 0.1388888888888889 0.1388888888888889
122 0.5835262345679013 0.5557484567901235 0.1388888888888889 0.1388888888888889
122 0.8529706790123457 0.6668595679012346 0.1388888888888889 0.1388888888888889
122 0.3918595679012346 0.7779706790123457 0.1388888888888889 0.1388888888888889
122 0.6918595679012346 0.8890817901234568 0.1388888888888889 0.1388888888888889
122 0.8501929012345679 1.0001929012345678 0.1388888888888889 0.1388888888888889
122 0.3918595679012346 0.6668595679012346 0.1388888888888889 0.1388888888888889
122 0.6918595679012346 0.5557484567901235 0.1388888888888889 0.1388888888888889
122 0.8501929012345679 0.47241512345679015 0.1388888888888889 0.1388888888888889
122 0.5835262345679013 0.47241512345679015 0.1388888888888889 0.1388888888888889
122 0.8501929012345679 0.5557484567901235 0.1388888888888889 0.1388888888888889
122 0.6918595679012346 0.6668595679012346 0.1388888888888889 0.1388888888888889