123 0.28074845679012345 0.3335262345679012 0.1388888888888889 0.1388888888888889
123 0.5640817901234568 0.41685956790123463 0.1388888888888889 0.1388888888888889
123 0.8390817901234568 0.5279706790123457 0.1388888888888889 0.1388888888888889
123 0.336304012345679 0.6390817901234568 0.1388888888888889 0.1388888888888889
123 0.6835262345679013 0.7501929012345679 0.1388888888888889 0.1388888888888889
123 0.8390817901234568 0.861304012345679 0.1388888888888889 0.1388888888888889
123 0.336304012345679 0.5279706790123457 0.1388888888888889 0.1388888888888889
123 0.6835262345679013 0.41685956790123463 0.1388888888888889 0.1388888888888889
123 0.8390817901234568 0.3335262345679012 0.1388888888888889 0.1388888888888889
123 0.5640817901234568 0.3335262345679012 0.1388888888888889 0.1388888888888889
123 0.8390817901234568 0.41685956790123463 0.1388888888888889 0.1388888888888889
123 0.6835262345679013 0.5279706790123457 0.1388888888888889 0.1388888888888889