126 0.3557484567901235 0.47241512345679015 0.1388888888888889 0.1388888888888889
126 0.5918595679012346 0.5557484567901235 0.1388888888888889 0.1388888888888889
126 0.8557484567901235 0.6668595679012346 0.1388888888888889 0.1388888888888889
126 0.41130401234567904 0.7779706790123457 0.1388888888888889 0.1388888888888889
126 0.650192901234568 0.8890817901234568 0.1388888888888889 0.1388888888888889
126 0.8585262345679012 1.0001929012345678 0.1388888888888889 0.1388888888888889
126 0.41130401234567904 0.6668595679012346 0.1388888888888889 0.1388888888888889
126 0.650192901234568 0.5557484567901235 0.1388888888888889 0.1388888888888889
126 0.8585262345679012 0.47241512345679015 0.1388888888888889 0.1388888888888889
126 0.5918595679012346 0.47241512345679015 0.1388888888888889 0.1388888888888889
126 0.8585262345679012 0.5557484567901235 0.1388888888888889 0.1388888888888889
126 0.650192901234568 0.6668595679012346 0.1388888888888889 0.1388888888888889