129 0.29463734567901234 0.47241512345679015 0.1388888888888889 0.1388888888888889
129 0.6668595679012346 0.5557484567901235 0.1388888888888889 0.1388888888888889
129 0.8390817901234568 0.6668595679012346 0.1388888888888889 0.1388888888888889
129 0.3029706790123457 0.7779706790123457 0.1388888888888889 0.1388888888888889
129 0.6196373456790124 0.8890817901234568 0.1388888888888889 0.1388888888888889
129 0.8390817901234568 1.0001929012345678 0.1388888888888889 0.1388888888888889
129 0.3029706790123457 0.6668595679012346 0.1388888888888889 0.1388888888888889
129 0.6196373456790124 0.5557484567901235 0.1388888888888889 0.1388888888888889
129 0.8390817901234568 0.47241512345679015 0.1388888888888889 0.1388888888888889
129 0.6668595679012346 0.47241512345679015 0.1388888888888889 0.1388888888888889
129 0.8390817901234568 0.5557484567901235 0.1388888888888889 0.1388888888888889
129 0.6196373456790124 0.6668595679012346 0.1388888888888889 0.1388888888888889