130 0.3918595679012346 0.3335262345679012 0.1388888888888889 0.1388888888888889
130 0.5807484567901235 0.41685956790123463 0.1388888888888889 0.1388888888888889
130 0.8474151234567902 0.5279706790123457 0.1388888888888889 0.1388888888888889
130 0.34185956790123456 0.6390817901234568 0.1388888888888889 0.1388888888888889
130 0.6779706790123458 0.7501929012345679 0.1388888888888889 0.1388888888888889
130 0.8474151234567902 0.861304012345679 0.1388888888888889 0.1388888888888889
130 0.34185956790123456 0.5279706790123457 0.1388888888888889 0.1388888888888889
130 0.6779706790123458 0.41685956790123463 0.1388888888888889 0.1388888888888889
130 0.8474151234567902 0.3335262345679012 0.1388888888888889 0.1388888888888889
130 0.5807484567901235 0.3335262345679012 0.1388888888888889 0.1388888888888889
130 0.8474151234567902 0.41685956790123463 0.1388888888888889 0.1388888888888889
130 0.6779706790123458 0.5279706790123457 0.1388888888888889 0.1388888888888889