11 0.3918595679012346 0.3335262345679012 0.1388888888888889 0.1388888888888889
11 0.5668595679012346 0.41685956790123463 0.1388888888888889 0.1388888888888889
11 0.8501929012345679 0.5279706790123457 0.1388888888888889 0.1388888888888889
11 0.3946373456790124 0.6390817901234568 0.1388888888888889 0.1388888888888889
11 0.5613040123456791 0.7501929012345679 0.1388888888888889 0.1388888888888889
11 0.8585262345679012 0.861304012345679 0.1388888888888889 0.1388888888888889
11 0.3946373456790124 0.5279706790123457 0.1388888888888889 0.1388888888888889
11 0.5613040123456791 0.41685956790123463 0.1388888888888889 0.1388888888888889
11 0.8585262345679012 0.3335262345679012 0.1388888888888889 0.1388888888888889
11 0.5668595679012346 0.3335262345679012 0.1388888888888889 0.1388888888888889
11 0.8585262345679012 0.41685956790123463 0.1388888888888889 0.1388888888888889
11 0.5613040123456791 0.5279706790123457 0.1388888888888889 0.1388888888888889