12 0.31963734567901236 0.47241512345679015 0.1388888888888889 0.1388888888888889
12 0.6390817901234568 0.5557484567901235 0.1388888888888889 0.1388888888888889
12 0.8557484567901235 0.6668595679012346 0.1388888888888889 0.1388888888888889
12 0.3474151234567901 0.7779706790123457 0.1388888888888889 0.1388888888888889
12 0.6418595679012346 0.8890817901234568 0.1388888888888889 0.1388888888888889
12 0.8557484567901235 1.0001929012345678 0.1388888888888889 0.1388888888888889
12 0.3474151234567901 0.6668595679012346 0.1388888888888889 0.1388888888888889
12 0.6418595679012346 0.5557484567901235 0.1388888888888889 0.1388888888888889
12 0.8557484567901235 0.47241512345679015 0.1388888888888889 0.1388888888888889
12 0.6390817901234568 0.47241512345679015 0.1388888888888889 0.1388888888888889
12 0.8557484567901235 0.5557484567901235 0.1388888888888889 0.1388888888888889
12 0.6418595679012346 0.6668595679012346 0.1388888888888889 0.1388888888888889