13 0.32241512345679013 0.47241512345679015 0.1388888888888889 0.1388888888888889
13 0.5835262345679013 0.5557484567901235 0.1388888888888889 0.1388888888888889
13 0.8474151234567902 0.6668595679012346 0.1388888888888889 0.1388888888888889
13 0.40852623456790127 0.7779706790123457 0.1388888888888889 0.1388888888888889
13 0.6474151234567902 0.8890817901234568 0.1388888888888889 0.1388888888888889
13 0.8557484567901235 1.0001929012345678 0.1388888888888889 0.1388888888888889
13 0.40852623456790127 0.6668595679012346 0.1388888888888889 0.1388888888888889
13 0.6474151234567902 0.5557484567901235 0.1388888888888889 0.1388888888888889
13 0.8557484567901235 0.47241512345679015 0.1388888888888889 0.1388888888888889
13 0.5835262345679013 0.47241512345679015 0.1388888888888889 0.1388888888888889
13 0.8557484567901235 0.5557484567901235 0.1388888888888889 0.1388888888888889
13 0.6474151234567902 0.6668595679012346 0.1388888888888889 0.1388888888888889