0 0.4001929012345679 0.47241512345679015 0.1388888888888889 0.1388888888888889
0 0.6029706790123457 0.5557484567901235 0.1388888888888889 0.1388888888888889
0 0.8557484567901235 0.6668595679012346 0.1388888888888889 0.1388888888888889
0 0.3918595679012346 0.7779706790123457 0.1388888888888889 0.1388888888888889
0 0.6335262345679012 0.8890817901234568 0.1388888888888889 0.1388888888888889
0 0.8446373456790124 1.0001929012345678 0.1388888888888889 0.1388888888888889
0 0.3918595679012346 0.6668595679012346 0.1388888888888889 0.1388888888888889
0 0.6335262345679012 0.5557484567901235 0.1388888888888889 0.1388888888888889
0 0.8446373456790124 0.47241512345679015 0.1388888888888889 0.1388888888888889
0 0.6029706790123457 0.47241512345679015 0.1388888888888889 0.1388888888888889
0 0.8446373456790124 0.5557484567901235 0.1388888888888889 0.1388888888888889
0 0.6335262345679012 0.6668595679012346 0.1388888888888889 0.1388888888888889