0 0.38908179012345684 0.47241512345679015 0.1388888888888889 0.1388888888888889
0 0.6835262345679013 0.5557484567901235 0.1388888888888889 0.1388888888888889
0 0.8335262345679013 0.6668595679012346 0.1388888888888889 0.1388888888888889
0 0.3807484567901235 0.7779706790123457 0.1388888888888889 0.1388888888888889
0 0.5863040123456791 0.8890817901234568 0.1388888888888889 0.1388888888888889
0 0.8557484567901235 1.0001929012345678 0.1388888888888889 0.1388888888888889
0 0.3807484567901235 0.6668595679012346 0.1388888888888889 0.1388888888888889
0 0.5863040123456791 0.5557484567901235 0.1388888888888889 0.1388888888888889
0 0.8557484567901235 0.47241512345679015 0.1388888888888889 0.1388888888888889
0 0.6835262345679013 0.47241512345679015 0.1388888888888889 0.1388888888888889
0 0.8557484567901235 0.5557484567901235 0.1388888888888889 0.1388888888888889
0 0.5863040123456791 0.6668595679012346 0.1388888888888889 0.1388888888888889