0 0.31963734567901236 0.3335262345679012 0.1388888888888889 0.1388888888888889
0 0.6224151234567902 0.41685956790123463 0.1388888888888889 0.1388888888888889
0 0.8529706790123457 0.5279706790123457 0.1388888888888889 0.1388888888888889
0 0.3390817901234568 0.6390817901234568 0.1388888888888889 0.1388888888888889
0 0.5863040123456791 0.7501929012345679 0.1388888888888889 0.1388888888888889
0 0.8446373456790124 0.861304012345679 0.1388888888888889 0.1388888888888889
0 0.3390817901234568 0.5279706790123457 0.1388888888888889 0.1388888888888889
0 0.5863040123456791 0.41685956790123463 0.1388888888888889 0.1388888888888889
0 0.8446373456790124 0.3335262345679012 0.1388888888888889 0.1388888888888889
0 0.6224151234567902 0.3335262345679012 0.1388888888888889 0.1388888888888889
0 0.8446373456790124 0.41685956790123463 0.1388888888888889 0.1388888888888889
0 0.5863040123456791 0.5279706790123457 0.1388888888888889 0.1388888888888889